%YAML:1.0
calibration_time: "Fri Mar 22 15:45:07 2013"
nframes: 10
image_width: 640
image_height: 480
board_width: 9
board_height: 6
square_size: 3.7500001490116119e-02
flags: 0
camera_matrix: !!opencv-matrix
   rows: 3
   cols: 3
   dt: d
   data: [ 7.1658990039472030e+02, 0., 3.3128214688052969e+02, 0.,
       7.1831726910220914e+02, 2.2863369425729692e+02, 0., 0., 1. ]
distortion_coefficients: !!opencv-matrix
   rows: 5
   cols: 1
   dt: d
   data: [ 3.7203212394569446e-02, -1.9414243027243561e-01,
       -4.6912779264752392e-03, 1.2359973824422495e-03,
       -5.8075840238218157e-02 ]
avg_reprojection_error: 2.1191181504047363e-01
per_view_reprojection_errors: !!opencv-matrix
   rows: 10
   cols: 1
   dt: f
   data: [ 1.57896847e-01, 2.14851633e-01, 1.79661408e-01,
       2.84684002e-01, 2.95799643e-01, 2.69088537e-01, 1.57584816e-01,
       1.69751838e-01, 1.55527443e-01, 1.64032996e-01 ]
# a set of 6-tuples (rotation vector + translation vector) for each view
extrinsic_parameters: !!opencv-matrix
   rows: 10
   cols: 6
   dt: d
   data: [ -1.6558021000743706e-01, -2.0761838086861906e-01,
       3.0926240796077562e+00, 2.1218610856462455e-01,
       9.7671141183712160e-02, 9.6022186554492450e-01,
       -1.1783583800315056e+00, 1.3749010877648954e-01,
       -2.8577743225522618e+00, 2.4337743074765006e-01,
       1.5013521631719223e-01, 6.2502082862473518e-01,
       -1.1970143804028421e+00, -1.6529753559182467e-01,
       2.7959004081548082e+00, -8.8418514332478340e-02,
       6.9562408830394565e-02, 1.0300417163796860e+00,
       -6.9274821177536389e-03, 1.2793392749910077e+00,
       2.8377184331906133e+00, 1.3874915460889098e-01,
       2.0532752768535059e-01, 7.1147554626784648e-01,
       -8.9850424555509650e-02, 1.6551276312065881e+00,
       -2.6505476565995729e+00, 1.5896532701760685e-01,
       -9.1587612908225549e-02, 9.8195259807744473e-01,
       -8.1373266580870429e-01, 2.0658182579138062e-01,
       -2.9827495459974513e+00, 2.5964196330717626e-01,
       1.7572948335938704e-01, 8.4379979187699239e-01,
       -8.4476264515540334e-01, -1.4387808834255508e-01,
       2.9234454090350792e+00, -8.5745092274693306e-04,
       1.9276822229064963e-01, 1.0372952326567308e+00,
       -9.4154699993738877e-01, -2.7180133165864667e-01,
       2.9144825436079027e+00, -3.1036560216415113e-02,
       -2.4237138125514569e-02, 1.0372427324213911e+00,
       -9.2972075680868127e-01, 2.1352220268413027e-01,
       -2.9269846383104885e+00, 2.5769250626512469e-01,
       8.1913192044150665e-02, 7.3716250230143177e-01,
       2.4718673784189199e-01, 5.6818137818892014e-02,
       -3.1117930566281515e+00, 1.2742709423073145e-01,
       3.0103356170867818e-01, 9.6664668335880732e-01 ]
image_points: !!opencv-matrix
   rows: 10
   cols: 54
   dt: "2f"
   data: [ 4.89547760e+02, 3.01404816e+02, 4.62489746e+02,
       3.03173187e+02, 4.35049530e+02, 3.04646179e+02, 4.07270294e+02,
       3.06344635e+02, 3.79328247e+02, 3.07830688e+02, 3.51170135e+02,
       3.09503632e+02, 3.22638794e+02, 3.11158569e+02, 2.93950806e+02,
       3.12612854e+02, 2.65171387e+02, 3.14022186e+02, 4.89698547e+02,
       2.74032440e+02, 4.62460999e+02, 2.75529755e+02, 4.34783875e+02,
       2.77137634e+02, 4.06751495e+02, 2.78562592e+02, 3.78647522e+02,
       2.80019714e+02, 3.50394592e+02, 2.81550903e+02, 3.21568970e+02,
       2.82995331e+02, 2.92808044e+02, 2.84471680e+02, 2.63797089e+02,
       2.85894196e+02, 4.89891022e+02, 2.46296387e+02, 4.62338226e+02,
       2.47616516e+02, 4.34541016e+02, 2.49068207e+02, 4.06382050e+02,
       2.50409119e+02, 3.78073425e+02, 2.51750198e+02, 3.49514435e+02,
       2.53199036e+02, 3.20630035e+02, 2.54579361e+02, 2.91623230e+02,
       2.55863876e+02, 2.62547272e+02, 2.57312897e+02, 4.89833588e+02,
       2.17966034e+02, 4.62255371e+02, 2.19303421e+02, 4.34321808e+02,
       2.20534134e+02, 4.05871033e+02, 2.21745438e+02, 3.77469818e+02,
       2.23073746e+02, 3.48742035e+02, 2.24417221e+02, 3.19599487e+02,
       2.25672607e+02, 2.90575073e+02, 2.26980118e+02, 2.61147430e+02,
       2.28208618e+02, 4.89811890e+02, 1.89503403e+02, 4.61986603e+02,
       1.90825043e+02, 4.34027893e+02, 1.91870544e+02, 4.05442780e+02,
       1.93062134e+02, 3.76783936e+02, 1.94269943e+02, 3.47923737e+02,
       1.95411453e+02, 3.18675385e+02, 1.96536224e+02, 2.89346466e+02,
       1.97759338e+02, 2.59834106e+02, 1.99033188e+02, 4.89738037e+02,
       1.60694382e+02, 4.61837860e+02, 1.61773499e+02, 4.33617554e+02,
       1.62796768e+02, 4.05013275e+02, 1.63851700e+02, 3.76166840e+02,
       1.65024078e+02, 3.47265930e+02, 1.66039719e+02, 3.17685638e+02,
       1.67146393e+02, 2.88259125e+02, 1.68222275e+02, 2.58449493e+02,
       1.69239716e+02, 6.10062256e+02, 3.99623352e+02, 5.69882446e+02,
       3.90296722e+02, 5.32695923e+02, 3.81227386e+02, 4.97842346e+02,
       3.72710327e+02, 4.65853912e+02, 3.64711029e+02, 4.35847260e+02,
       3.57272705e+02, 4.07627106e+02, 3.50439789e+02, 3.82047272e+02,
       3.43680634e+02, 3.58186676e+02, 3.37574921e+02, 6.12289734e+02,
       3.58190216e+02, 5.71855286e+02, 3.50132263e+02, 5.34168640e+02,
       3.42475555e+02, 4.99192596e+02, 3.35408661e+02, 4.66882874e+02,
       3.28575684e+02, 4.36745789e+02, 3.22448212e+02, 4.08478027e+02,
       3.16548798e+02, 3.82640381e+02, 3.11125824e+02, 3.58463043e+02,
       3.05875427e+02, 6.14716980e+02, 3.15916809e+02, 5.73724060e+02,
       3.09415314e+02, 5.35784973e+02, 3.03276154e+02, 5.00475281e+02,
       2.97424042e+02, 4.68085297e+02, 2.92164490e+02, 4.37774567e+02,
       2.87141174e+02, 4.09390900e+02, 2.82471497e+02, 3.83236816e+02,
       2.78099091e+02, 3.58712830e+02, 2.74051483e+02, 6.17302002e+02,
       2.72637451e+02, 5.75815857e+02, 2.67768860e+02, 5.37397766e+02,
       2.63301849e+02, 5.01892242e+02, 2.58881348e+02, 4.69220215e+02,
       2.54960663e+02, 4.38685516e+02, 2.51307556e+02, 4.10030029e+02,
       2.47766983e+02, 3.83668427e+02, 2.44572739e+02, 3.59064392e+02,
       2.41522583e+02, 6.19737366e+02, 2.29249573e+02, 5.77939331e+02,
       2.25972015e+02, 5.39221558e+02, 2.23076813e+02, 5.03311981e+02,
       2.20208267e+02, 4.70333832e+02, 2.17672272e+02, 4.39464874e+02,
       2.15285126e+02, 4.10743347e+02, 2.13091171e+02, 3.84200470e+02,
       2.10930984e+02, 3.59597656e+02, 2.08964432e+02, 6.22246643e+02,
       1.85117401e+02, 5.80070374e+02, 1.83587219e+02, 5.40944336e+02,
       1.82260590e+02, 5.04713593e+02, 1.81019928e+02, 4.71468353e+02,
       1.79812332e+02, 4.40535126e+02, 1.78837708e+02, 4.11696838e+02,
       1.77760223e+02, 3.85011658e+02, 1.77015961e+02, 3.60105438e+02,
       1.76098221e+02, 2.69447174e+02, 2.77174835e+02, 2.49709229e+02,
       2.81908081e+02, 2.28624863e+02, 2.86993927e+02, 2.06334442e+02,
       2.92311371e+02, 1.82693619e+02, 2.97845703e+02, 1.57632675e+02,
       3.03723755e+02, 1.31274994e+02, 3.10093658e+02, 1.02687973e+02,
       3.16529358e+02, 7.26615906e+01, 3.23492065e+02, 2.68232178e+02,
       2.51409546e+02, 2.48195358e+02, 2.55485703e+02, 2.26989395e+02,
       2.59874298e+02, 2.04416504e+02, 2.64430725e+02, 1.80451050e+02,
       2.69226593e+02, 1.55353561e+02, 2.74334106e+02, 1.28374283e+02,
       2.79756561e+02, 9.97071381e+01, 2.85404022e+02, 6.93398743e+01,
       2.91381104e+02, 2.66744385e+02, 2.25405777e+02, 2.46492386e+02,
       2.28756592e+02, 2.25154388e+02, 2.32484573e+02, 2.02322327e+02,
       2.36260254e+02, 1.78206589e+02, 2.40307114e+02, 1.52651215e+02,
       2.44518311e+02, 1.25521049e+02, 2.49134567e+02, 9.66442184e+01,
       2.53781998e+02, 6.62441177e+01, 2.58782501e+02, 2.65083191e+02,
       1.98800980e+02, 2.44723816e+02, 2.01639023e+02, 2.23291122e+02,
       2.04510681e+02, 2.00285995e+02, 2.07572449e+02, 1.75816284e+02,
       2.10753998e+02, 1.50271332e+02, 2.14217850e+02, 1.22844902e+02,
       2.17761810e+02, 9.38196716e+01, 2.21625015e+02, 6.30074806e+01,
       2.25660202e+02, 2.63378571e+02, 1.72358215e+02, 2.42980072e+02,
